[gd_scene load_steps=8 format=2]

[ext_resource path="res://Objects/OriginLight.gd" type="Script" id=1]
[ext_resource path="res://Objects/KinematicBody.gd" type="Script" id=2]
[ext_resource path="res://Art/cont_frame.png" type="Texture" id=3]
[ext_resource path="res://Art/controller_knob.png" type="Texture" id=4]
[ext_resource path="res://Scenes/Game scene/Obstacles.tscn" type="PackedScene" id=5]

[sub_resource type="SpatialMaterial" id=2]
emission_enabled = true
emission = Color( 0.937255, 0.937255, 0.937255, 1 )
emission_energy = 16.0
emission_operator = 0
emission_on_uv2 = false

[sub_resource type="SphereMesh" id=1]

[node name="Spatial" type="Spatial"]
script = ExtResource( 1 )
__meta__ = {
"_edit_horizontal_guides_": [  ],
"_edit_vertical_guides_": [  ]
}

[node name="OriginLight" type="Spatial" parent="."]

[node name="MeshInstance" type="MeshInstance" parent="OriginLight"]
transform = Transform( 1, 0, 0, 0, 1, 0, 0, 0, 1, -8.306, 9, 0 )
material_override = SubResource( 2 )
mesh = SubResource( 1 )
material/0 = null

[node name="Camera" type="Camera" parent="OriginLight"]
transform = Transform( -4.37114e-008, 0, 1, 0, 1, 0, -1, 0, -4.37114e-008, 9.83529, 0, 0 )
size = 6.43978

[node name="SpotLight" type="OmniLight" parent="OriginLight"]
transform = Transform( -4.37114e-008, 0, 1, 0, 1, 0, -1, 0, -4.37114e-008, -8, 9, 0 )
light_color = Color( 0.976471, 0.639216, 0.639216, 1 )
light_energy = 8.38
omni_range = 38.7

[node name="Controller" type="KinematicBody" parent="."]
script = ExtResource( 2 )

[node name="contPeri" type="TextureRect" parent="Controller"]
margin_left = 50.0
margin_top = 1800.0
margin_right = 690.0
margin_bottom = 1960.0
rect_scale = Vector2( 1.5, 1.5 )
texture = ExtResource( 3 )

[node name="contKnob" type="TextureRect" parent="Controller"]
margin_left = 50.0
margin_top = 1800.0
margin_right = 690.0
margin_bottom = 1960.0
rect_scale = Vector2( 1.5, 1.5 )
texture = ExtResource( 4 )

[node name="cluster" type="Node" parent="."]
editor/display_folded = true

[node name="Spatial" parent="cluster" instance=ExtResource( 5 )]
transform = Transform( 1, 0, 0, 0, 1, 0, 0, 0, 1, -55.4683, -2.53462, -10.0735 )

[node name="Spatial50" parent="cluster" instance=ExtResource( 5 )]
transform = Transform( 1, 0, 0, 0, 1, 0, 0, 0, 1, -72.5997, -2.53462, -10.0735 )

[node name="Spatial71" parent="cluster" instance=ExtResource( 5 )]
transform = Transform( 0.501952, 0.0685997, 0.862171, -0.405625, 0.899094, 0.164615, -0.76388, -0.432347, 0.479128, -47.1042, -9.98185, -15.3244 )

[node name="Spatial18" parent="cluster" instance=ExtResource( 5 )]
transform = Transform( 1, 0, 0, 0, -0.989733, 0.14293, 0, -0.14293, -0.989733, -66.1251, 1.78541, 3.70572 )

[node name="Spatial52" parent="cluster" instance=ExtResource( 5 )]
transform = Transform( 1, 0, 0, 0, -0.989733, 0.14293, 0, -0.14293, -0.989733, -83.2564, 1.78541, 3.70572 )

[node name="Spatial75" parent="cluster" instance=ExtResource( 5 )]
transform = Transform( 0.501952, -0.191125, -0.843514, -0.405625, -0.913391, -0.0344175, -0.76388, 0.359426, -0.536004, -40.277, 0.493172, -2.44965 )

[node name="Spatial27" parent="cluster" instance=ExtResource( 5 )]
transform = Transform( 0.753212, -0.284962, 0.592847, -0.657778, -0.326307, 0.678861, 0, -0.901288, -0.43322, -70.501, -8.0417, 1.91479 )

[node name="Spatial54" parent="cluster" instance=ExtResource( 5 )]
transform = Transform( 0.753212, -0.284962, 0.592847, -0.657778, -0.326307, 0.678861, 0, -0.901288, -0.43322, -87.6323, -8.0417, 1.91479 )

[node name="Spatial69" parent="cluster" instance=ExtResource( 5 )]
transform = Transform( 0.332953, -0.942486, -0.0293593, -0.896925, -0.326158, 0.298572, -0.290976, -0.0730773, -0.953935, -44.6918, -6.86217, 4.28365 )

[node name="Spatial2" parent="cluster" instance=ExtResource( 5 )]
transform = Transform( 1, 0, 0, 0, 1, 0, 0, 0, 1, -65.3302, -8.67616, -2.79319 )

[node name="Spatial46" parent="cluster" instance=ExtResource( 5 )]
transform = Transform( 1, 0, 0, 0, 1, 0, 0, 0, 1, -82.4615, -8.67616, -2.79319 )

[node name="Spatial70" parent="cluster" instance=ExtResource( 5 )]
transform = Transform( 0.501952, 0.0685997, 0.862171, -0.405625, 0.899094, 0.164615, -0.76388, -0.432347, 0.479128, -46.1989, -10.305, -1.64765 )

[node name="Spatial17" parent="cluster" instance=ExtResource( 5 )]
transform = Transform( 1, 0, 0, 0, -0.989733, 0.14293, 0, -0.14293, -0.989733, -75.987, 8.90446, -2.622 )

[node name="Spatial47" parent="cluster" instance=ExtResource( 5 )]
transform = Transform( 1, 0, 0, 0, -0.989733, 0.14293, 0, -0.14293, -0.989733, -93.1183, 8.90446, -2.622 )

[node name="Spatial74" parent="cluster" instance=ExtResource( 5 )]
transform = Transform( 0.501952, -0.191125, -0.843514, -0.405625, -0.913391, -0.0344175, -0.76388, 0.359426, -0.536004, -50.1944, 9.85245, -1.02605 )

[node name="Spatial26" parent="cluster" instance=ExtResource( 5 )]
transform = Transform( 0.753212, -0.284962, 0.592847, -0.657778, -0.326307, 0.678861, 0, -0.901288, -0.43322, -71.8629, 5.39154, 4.29612 )

[node name="Spatial51" parent="cluster" instance=ExtResource( 5 )]
transform = Transform( 0.753212, -0.284962, 0.592847, -0.657778, -0.326307, 0.678861, 0, -0.901288, -0.43322, -88.9942, 5.39154, 4.29612 )

[node name="Spatial72" parent="cluster" instance=ExtResource( 5 )]
transform = Transform( 0.332953, -0.942486, -0.0293593, -0.896925, -0.326158, 0.298572, -0.290976, -0.0730773, -0.953935, -42.4007, 6.15999, 0.657108 )

[node name="Spatial3" parent="cluster" instance=ExtResource( 5 )]
transform = Transform( 1, 0, 0, 0, 1, 0, 0, 0, 1, -63.2372, -6.48863, 2.63377 )

[node name="Spatial35" parent="cluster" instance=ExtResource( 5 )]
transform = Transform( 1, 0, 0, 0, 1, 0, 0, 0, 1, -80.3685, -6.48863, 2.63377 )

[node name="Spatial57" parent="cluster" instance=ExtResource( 5 )]
transform = Transform( 0.501952, 0.0685997, 0.862171, -0.405625, 0.899094, 0.164615, -0.76388, -0.432347, 0.479128, -40.3193, -8.29385, -1.59202 )

[node name="Spatial14" parent="cluster" instance=ExtResource( 5 )]
transform = Transform( 1, 0, 0, 0, -0.989733, 0.14293, 0, -0.14293, -0.989733, -73.894, 7.51508, -8.3059 )

[node name="Spatial39" parent="cluster" instance=ExtResource( 5 )]
transform = Transform( 1, 0, 0, 0, -0.989733, 0.14293, 0, -0.14293, -0.989733, -91.0253, 7.51508, -8.3059 )

[node name="Spatial60" parent="cluster" instance=ExtResource( 5 )]
transform = Transform( 0.501952, -0.191125, -0.843514, -0.405625, -0.913391, -0.0344175, -0.76388, 0.359426, -0.536004, -54.1396, 6.81862, -4.74748 )

[node name="Spatial24" parent="cluster" instance=ExtResource( 5 )]
transform = Transform( 0.753212, -0.284962, 0.592847, -0.657778, -0.326307, 0.678861, 0, -0.901288, -0.43322, -67.6924, 6.98515, -0.0265293 )

[node name="Spatial43" parent="cluster" instance=ExtResource( 5 )]
transform = Transform( 0.753212, -0.284962, 0.592847, -0.657778, -0.326307, 0.678861, 0, -0.901288, -0.43322, -84.8237, 6.98515, -0.0265293 )

[node name="Spatial80" parent="cluster" instance=ExtResource( 5 )]
transform = Transform( 0.332953, -0.942486, -0.0293593, -0.896925, -0.326158, 0.298572, -0.290976, -0.0730773, -0.953935, -43.9249, 5.18957, -5.28873 )

[node name="Spatial4" parent="cluster" instance=ExtResource( 5 )]
transform = Transform( 1, 0, 0, 0, 1, 0, 0, 0, 1, -82.0887, 5.12686, -17.288 )

[node name="Spatial36" parent="cluster" instance=ExtResource( 5 )]
transform = Transform( 1, 0, 0, 0, 1, 0, 0, 0, 1, -99.22, 5.12686, -17.288 )

[node name="Spatial56" parent="cluster" instance=ExtResource( 5 )]
transform = Transform( 0.501952, 0.0685997, 0.862171, -0.405625, 0.899094, 0.164615, -0.76388, -0.432347, 0.479128, -66.161, 6.51678, -1.75871 )

[node name="Spatial13" parent="cluster" instance=ExtResource( 5 )]
transform = Transform( 1, 0, 0, 0, -0.989733, 0.14293, 0, -0.14293, -0.989733, -92.7455, -6.82857, 9.75115 )

[node name="Spatial31" parent="cluster" instance=ExtResource( 5 )]
transform = Transform( 1, 0, 0, 0, -0.989733, 0.14293, 0, -0.14293, -0.989733, -109.877, -6.82857, 9.75115 )

[node name="Spatial62" parent="cluster" instance=ExtResource( 5 )]
transform = Transform( 0.501952, -0.191125, -0.843514, -0.405625, -0.913391, -0.0344175, -0.76388, 0.359426, -0.536004, -49.0179, 4.54144, 24.5059 )

[node name="Spatial20" parent="cluster" instance=ExtResource( 5 )]
transform = Transform( 0.753212, -0.284962, 0.592847, -0.657778, -0.326307, 0.678861, 0, -0.901288, -0.43322, -97.0122, 2.07092, -1.86491 )

[node name="Spatial48" parent="cluster" instance=ExtResource( 5 )]
transform = Transform( 0.753212, -0.284962, 0.592847, -0.657778, -0.326307, 0.678861, 0, -0.901288, -0.43322, -114.143, 2.07092, -1.86491 )

[node name="Spatial73" parent="cluster" instance=ExtResource( 5 )]
transform = Transform( 0.332953, -0.942486, -0.0293593, -0.896925, -0.326158, 0.298572, -0.290976, -0.0730773, -0.953935, -60.5641, 12.3614, 18.3519 )

[node name="Spatial5" parent="cluster" instance=ExtResource( 5 )]
transform = Transform( 1, 0, 0, 0, 1, 0, 0, 0, 1, -69.74, -6.91714, -13.1818 )

[node name="Spatial30" parent="cluster" instance=ExtResource( 5 )]
transform = Transform( 1, 0, 0, 0, 1, 0, 0, 0, 1, -86.8714, -6.91714, -13.1818 )

[node name="Spatial65" parent="cluster" instance=ExtResource( 5 )]
transform = Transform( 0.501952, 0.0685997, 0.862171, -0.405625, 0.899094, 0.164615, -0.76388, -0.432347, 0.479128, -57.2485, -8.64488, -4.01702 )

[node name="Spatial12" parent="cluster" instance=ExtResource( 5 )]
transform = Transform( 1, 0, 0, 0, -0.989733, 0.14293, 0, -0.14293, -0.989733, -80.3968, 5.67867, 7.40853 )

[node name="Spatial40" parent="cluster" instance=ExtResource( 5 )]
transform = Transform( 1, 0, 0, 0, -0.989733, 0.14293, 0, -0.14293, -0.989733, -97.5282, 5.67867, 7.40853 )

[node name="Spatial77" parent="cluster" instance=ExtResource( 5 )]
transform = Transform( 0.501952, -0.191125, -0.843514, -0.405625, -0.913391, -0.0344175, -0.76388, 0.359426, -0.536004, -43.9812, 10.3921, 8.54311 )

[node name="Spatial25" parent="cluster" instance=ExtResource( 5 )]
transform = Transform( 0.753212, -0.284962, 0.592847, -0.657778, -0.326307, 0.678861, 0, -0.901288, -0.43322, -81.8445, 0.66584, 7.2113 )

[node name="Spatial53" parent="cluster" instance=ExtResource( 5 )]
transform = Transform( 0.753212, -0.284962, 0.592847, -0.657778, -0.326307, 0.678861, 0, -0.901288, -0.43322, -98.9759, 0.66584, 7.2113 )

[node name="Spatial67" parent="cluster" instance=ExtResource( 5 )]
transform = Transform( 0.332953, -0.942486, -0.0293593, -0.896925, -0.326158, 0.298572, -0.290976, -0.0730773, -0.953935, -45.2218, 6.43983, 11.7218 )

[node name="Spatial6" parent="cluster" instance=ExtResource( 5 )]
transform = Transform( 1, 0, 0, 0, 1, 0, 0, 0, 1, -81.5523, -2.71189, 9.6986 )

[node name="Spatial41" parent="cluster" instance=ExtResource( 5 )]
transform = Transform( 1, 0, 0, 0, 1, 0, 0, 0, 1, -98.6836, -2.71189, 9.6986 )

[node name="Spatial78" parent="cluster" instance=ExtResource( 5 )]
transform = Transform( 0.501952, 0.0685997, 0.862171, -0.405625, 0.899094, 0.164615, -0.76388, -0.432347, 0.479128, -43.1624, 3.69382, 14.1506 )

[node name="Spatial16" parent="cluster" instance=ExtResource( 5 )]
transform = Transform( 1, 0, 0, 0, -0.989733, 0.14293, 0, -0.14293, -0.989733, -92.209, 4.78689, -15.838 )

[node name="Spatial29" parent="cluster" instance=ExtResource( 5 )]
transform = Transform( 1, 0, 0, 0, -0.989733, 0.14293, 0, -0.14293, -0.989733, -109.34, 4.78689, -15.838 )

[node name="Spatial64" parent="cluster" instance=ExtResource( 5 )]
transform = Transform( 0.501952, -0.191125, -0.843514, -0.405625, -0.913391, -0.0344175, -0.76388, 0.359426, -0.536004, -70.014, 10.5549, 6.81374 )

[node name="Spatial19" parent="cluster" instance=ExtResource( 5 )]
transform = Transform( 0.753212, -0.284962, 0.592847, -0.657778, -0.326307, 0.678861, 0, -0.901288, -0.43322, -78.3754, 22.5961, -6.49109 )

[node name="Spatial44" parent="cluster" instance=ExtResource( 5 )]
transform = Transform( 0.753212, -0.284962, 0.592847, -0.657778, -0.326307, 0.678861, 0, -0.901288, -0.43322, -95.5067, 22.5961, -6.49109 )

[node name="Spatial81" parent="cluster" instance=ExtResource( 5 )]
transform = Transform( 0.332953, -0.942486, -0.0293593, -0.896925, -0.326158, 0.298572, -0.290976, -0.0730773, -0.953935, -53.7899, 22.4944, -6.97486 )

[node name="Spatial7" parent="cluster" instance=ExtResource( 5 )]
transform = Transform( 1, 0, 0, 0, 1, 0, 0, 0, 1, -79.3869, -6.13277, -8.26738 )

[node name="Spatial33" parent="cluster" instance=ExtResource( 5 )]
transform = Transform( 1, 0, 0, 0, 1, 0, 0, 0, 1, -96.5183, -6.13277, -8.26738 )

[node name="Spatial66" parent="cluster" instance=ExtResource( 5 )]
transform = Transform( 0.501952, 0.0685997, 0.862171, -0.405625, 0.899094, 0.164615, -0.76388, -0.432347, 0.479128, -57.7999, -3.21765, 5.36757 )

[node name="Spatial10" parent="cluster" instance=ExtResource( 5 )]
transform = Transform( 1, 0, 0, 0, -0.989733, 0.14293, 0, -0.14293, -0.989733, -90.0437, 5.60477, 2.43245 )

[node name="Spatial32" parent="cluster" instance=ExtResource( 5 )]
transform = Transform( 1, 0, 0, 0, -0.989733, 0.14293, 0, -0.14293, -0.989733, -107.175, 5.60477, 2.43245 )

[node name="Spatial63" parent="cluster" instance=ExtResource( 5 )]
transform = Transform( 0.501952, -0.191125, -0.843514, -0.405625, -0.913391, -0.0344175, -0.76388, 0.359426, -0.536004, -53.1188, 13.4195, 13.56 )

[node name="Spatial21" parent="cluster" instance=ExtResource( 5 )]
transform = Transform( 0.753212, -0.284962, 0.592847, -0.657778, -0.326307, 0.678861, 0, -0.901288, -0.43322, -86.4207, 10.0916, 4.37533 )

[node name="Spatial49" parent="cluster" instance=ExtResource( 5 )]
transform = Transform( 0.753212, -0.284962, 0.592847, -0.657778, -0.326307, 0.678861, 0, -0.901288, -0.43322, -103.552, 10.0916, 4.37533 )

[node name="Spatial76" parent="cluster" instance=ExtResource( 5 )]
transform = Transform( 0.332953, -0.942486, -0.0293593, -0.896925, -0.326158, 0.298572, -0.290976, -0.0730773, -0.953935, -49.3173, 16.3039, 9.78344 )

[node name="Spatial8" parent="cluster" instance=ExtResource( 5 )]
transform = Transform( 1, 0, 0, 0, 1, 0, 0, 0, 1, -69.1355, 1.75101, -7.60172 )

[node name="Spatial34" parent="cluster" instance=ExtResource( 5 )]
transform = Transform( 1, 0, 0, 0, 1, 0, 0, 0, 1, -86.2669, 1.75101, -7.60172 )

[node name="Spatial55" parent="cluster" instance=ExtResource( 5 )]
transform = Transform( 0.501952, 0.0685997, 0.862171, -0.405625, 0.899094, 0.164615, -0.76388, -0.432347, 0.479128, -51.5394, -0.178032, -5.55288 )

[node name="Spatial15" parent="cluster" instance=ExtResource( 5 )]
transform = Transform( 1, 0, 0, 0, -0.989733, 0.14293, 0, -0.14293, -0.989733, -79.7923, -2.10293, 0.646803 )

[node name="Spatial38" parent="cluster" instance=ExtResource( 5 )]
transform = Transform( 1, 0, 0, 0, -0.989733, 0.14293, 0, -0.14293, -0.989733, -96.9236, -2.10293, 0.646803 )

[node name="Spatial59" parent="cluster" instance=ExtResource( 5 )]
transform = Transform( 0.501952, -0.191125, -0.843514, -0.405625, -0.913391, -0.0344175, -0.76388, 0.359426, -0.536004, -50.0414, 2.03739, 8.20595 )

[node name="Spatial23" parent="cluster" instance=ExtResource( 5 )]
transform = Transform( 0.753212, -0.284962, 0.592847, -0.657778, -0.326307, 0.678861, 0, -0.901288, -0.43322, -80.5512, 1.22782, -3.01861 )

[node name="Spatial45" parent="cluster" instance=ExtResource( 5 )]
transform = Transform( 0.753212, -0.284962, 0.592847, -0.657778, -0.326307, 0.678861, 0, -0.901288, -0.43322, -97.6825, 1.22782, -3.01861 )

[node name="Spatial68" parent="cluster" instance=ExtResource( 5 )]
transform = Transform( 0.332953, -0.942486, -0.0293593, -0.896925, -0.326158, 0.298572, -0.290976, -0.0730773, -0.953935, -53.354, 4.73648, 5.58941 )

[node name="Spatial9" parent="cluster" instance=ExtResource( 5 )]
transform = Transform( 1, 0, 0, 0, 1, 0, 0, 0, 1, -42.7864, 9.35826, 2.32946 )

[node name="Spatial28" parent="cluster" instance=ExtResource( 5 )]
transform = Transform( 1, 0, 0, 0, 1, 0, 0, 0, 1, -59.9177, 9.35826, 2.32946 )

[node name="Spatial61" parent="cluster" instance=ExtResource( 5 )]
transform = Transform( 0.501952, 0.0685997, 0.862171, -0.405625, 0.899094, 0.164615, -0.76388, -0.432347, 0.479128, -29.2292, -2.39144, -24.2111 )

[node name="Spatial11" parent="cluster" instance=ExtResource( 5 )]
transform = Transform( 1, 0, 0, 0, -0.989733, 0.14293, 0, -0.14293, -0.989733, -53.4432, -8.21261, -10.2697 )

[node name="Spatial37" parent="cluster" instance=ExtResource( 5 )]
transform = Transform( 1, 0, 0, 0, -0.989733, 0.14293, 0, -0.14293, -0.989733, -70.5745, -8.21261, -10.2697 )

[node name="Spatial58" parent="cluster" instance=ExtResource( 5 )]
transform = Transform( 0.501952, -0.191125, -0.843514, -0.405625, -0.913391, -0.0344175, -0.76388, 0.359426, -0.536004, -46.6464, -15.9407, -14.5105 )

[node name="Spatial22" parent="cluster" instance=ExtResource( 5 )]
transform = Transform( 0.753212, -0.284962, 0.592847, -0.657778, -0.326307, 0.678861, 0, -0.901288, -0.43322, -56.9848, -11.8445, -14.1773 )

[node name="Spatial42" parent="cluster" instance=ExtResource( 5 )]
transform = Transform( 0.753212, -0.284962, 0.592847, -0.657778, -0.326307, 0.678861, 0, -0.901288, -0.43322, -74.1161, -11.8445, -14.1773 )

[node name="Spatial79" parent="cluster" instance=ExtResource( 5 )]
transform = Transform( 0.332953, -0.942486, -0.0293593, -0.896925, -0.326158, 0.298572, -0.290976, -0.0730773, -0.953935, -52.0423, -18.4127, -12.1072 )

[node name="cluster2" type="Node" parent="."]
editor/display_folded = true

[node name="Spatial" parent="cluster2" instance=ExtResource( 5 )]
transform = Transform( 1, 0, 0, 0, 0.910096, -0.414398, 0, 0.414398, 0.910096, -215.75, -0.984992, -28.1301 )

[node name="Spatial90" parent="cluster2" instance=ExtResource( 5 )]
transform = Transform( 0.744861, 0.381246, -0.54757, -0.667218, 0.427262, -0.610137, 0.00134358, 0.819816, 0.572625, -223.199, -3.75682, -12.9755 )

[node name="Spatial50" parent="cluster2" instance=ExtResource( 5 )]
transform = Transform( 1, 0, 0, 0, 0.910096, -0.414398, 0, 0.414398, 0.910096, -232.881, -0.984992, -28.1301 )

[node name="Spatial82" parent="cluster2" instance=ExtResource( 5 )]
transform = Transform( 0.744861, 0.381246, -0.54757, -0.667218, 0.427262, -0.610137, 0.00134358, 0.819816, 0.572625, -235.959, 7.67352, -12.9985 )

[node name="Spatial71" parent="cluster2" instance=ExtResource( 5 )]
transform = Transform( 0.501952, 0.0685997, 0.862171, -0.052607, 0.997425, -0.0487338, -0.863294, -0.0208942, 0.504268, -207.386, -5.58672, -35.9951 )

[node name="Spatial83" parent="cluster2" instance=ExtResource( 5 )]
transform = Transform( 0.63752, 0.630614, 0.4426, -0.0421476, 0.602168, -0.797256, -0.76928, 0.489612, 0.410473, -216.933, -9.31564, -22.0764 )

[node name="Spatial18" parent="cluster2" instance=ExtResource( 5 )]
transform = Transform( 1, 0, 0, 0, -0.841522, 0.540223, 0, -0.540223, -0.841522, -226.406, -2.76342, -13.7995 )

[node name="Spatial84" parent="cluster2" instance=ExtResource( 5 )]
transform = Transform( 0.744861, -0.299068, 0.59644, -0.667218, -0.335668, 0.664941, 0.00134358, -0.893244, -0.44957, -237.035, -3.20784, -1.55787 )

[node name="Spatial52" parent="cluster2" instance=ExtResource( 5 )]
transform = Transform( 1, 0, 0, 0, -0.841522, 0.540223, 0, -0.540223, -0.841522, -243.538, -2.76342, -13.7995 )

[node name="Spatial88" parent="cluster2" instance=ExtResource( 5 )]
transform = Transform( 0.744861, -0.299068, 0.59644, -0.667218, -0.335668, 0.664941, 0.00134358, -0.893244, -0.44957, -249.795, 8.2225, -1.58089 )

[node name="Spatial75" parent="cluster2" instance=ExtResource( 5 )]
transform = Transform( 0.501952, -0.191125, -0.843514, -0.052607, -0.980219, 0.190795, -0.863294, -0.0513953, -0.502077, -200.558, -1.38871, -19.937 )

[node name="Spatial92" parent="cluster2" instance=ExtResource( 5 )]
transform = Transform( 0.63752, -0.6874, -0.347923, -0.0421476, -0.482034, 0.875138, -0.76928, -0.543254, -0.336278, -214.904, -17.2506, -6.10726 )

[node name="Spatial27" parent="cluster2" instance=ExtResource( 5 )]
transform = Transform( 0.753212, -0.284962, 0.592847, -0.598641, 0.0765215, 0.797354, -0.272582, -0.955479, -0.112953, -230.782, -10.9649, -19.5018 )

[node name="Spatial89" parent="cluster2" instance=ExtResource( 5 )]
transform = Transform( 0.310263, 0.156858, 0.937621, -0.7836, 0.600623, 0.158817, -0.538245, -0.783995, 0.309265, -243.06, -3.39421, -10.6457 )

[node name="Spatial54" parent="cluster2" instance=ExtResource( 5 )]
transform = Transform( 0.753212, -0.284962, 0.592847, -0.598641, 0.0765215, 0.797354, -0.272582, -0.955479, -0.112953, -247.914, -10.9649, -19.5018 )

[node name="Spatial85" parent="cluster2" instance=ExtResource( 5 )]
transform = Transform( 0.310263, 0.156858, 0.937621, -0.7836, 0.600623, 0.158817, -0.538245, -0.783995, 0.309265, -255.821, 8.03613, -10.6687 )

[node name="Spatial69" parent="cluster2" instance=ExtResource( 5 )]
transform = Transform( 0.332953, -0.942486, -0.0293593, -0.695708, -0.266552, 0.667038, -0.6365, -0.201667, -0.744445, -204.973, -10.873, -16.8571 )

[node name="Spatial91" parent="cluster2" instance=ExtResource( 5 )]
transform = Transform( 0.065384, -0.786353, 0.614308, -0.427839, 0.534076, 0.729189, -0.901487, -0.310502, -0.301512, -224.683, -21.556, -8.28757 )

[node name="Spatial2" parent="cluster2" instance=ExtResource( 5 )]
transform = Transform( 1, 0, 0, 0, 0.910096, -0.414398, 0, 0.414398, 0.910096, -225.612, -9.59132, -24.0494 )

[node name="Spatial86" parent="cluster2" instance=ExtResource( 5 )]
transform = Transform( 0.744861, 0.381246, -0.54757, -0.667218, 0.427262, -0.610137, 0.00134358, 0.819816, 0.572625, -236.873, -4.24283, -13.8548 )

[node name="Spatial46" parent="cluster2" instance=ExtResource( 5 )]
transform = Transform( 1, 0, 0, 0, 0.910096, -0.414398, 0, 0.414398, 0.910096, -242.743, -9.59132, -24.0494 )

[node name="Spatial87" parent="cluster2" instance=ExtResource( 5 )]
transform = Transform( 0.744861, 0.381246, -0.54757, -0.667218, 0.427262, -0.610137, 0.00134358, 0.819816, 0.572625, -249.633, 7.18753, -13.8778 )

[node name="Spatial70" parent="cluster2" instance=ExtResource( 5 )]
transform = Transform( 0.501952, 0.0685997, 0.862171, -0.052607, 0.997425, -0.0487338, -0.863294, -0.0208942, 0.504268, -206.48, -11.5485, -23.6818 )

[node name="Spatial101" parent="cluster2" instance=ExtResource( 5 )]
transform = Transform( 0.63752, 0.630614, 0.4426, -0.0421476, 0.602168, -0.797256, -0.76928, 0.489612, 0.410473, -223.871, -18.4025, -14.5085 )

[node name="Spatial17" parent="cluster2" instance=ExtResource( 5 )]
transform = Transform( 1, 0, 0, 0, -0.841522, 0.540223, 0, -0.540223, -0.841522, -236.268, 6.33779, -16.6082 )

[node name="Spatial102" parent="cluster2" instance=ExtResource( 5 )]
transform = Transform( 0.744861, -0.299068, 0.59644, -0.667218, -0.335668, 0.664941, 0.00134358, -0.893244, -0.44957, -238.202, 10.2746, 0.641777 )

[node name="Spatial47" parent="cluster2" instance=ExtResource( 5 )]
transform = Transform( 1, 0, 0, 0, -0.841522, 0.540223, 0, -0.540223, -0.841522, -253.4, 6.33779, -16.6082 )

[node name="Spatial97" parent="cluster2" instance=ExtResource( 5 )]
transform = Transform( 0.744861, -0.299068, 0.59644, -0.667218, -0.335668, 0.664941, 0.00134358, -0.893244, -0.44957, -250.962, 21.705, 0.618761 )

[node name="Spatial74" parent="cluster2" instance=ExtResource( 5 )]
transform = Transform( 0.501952, -0.191125, -0.843514, -0.052607, -0.980219, 0.190795, -0.863294, -0.0513953, -0.502077, -210.476, 6.53919, -14.7629 )

[node name="Spatial99" parent="cluster2" instance=ExtResource( 5 )]
transform = Transform( 0.63752, -0.6874, -0.347923, -0.0421476, -0.482034, 0.875138, -0.76928, -0.543254, -0.336278, -219.502, -7.50333, 2.36749 )

[node name="Spatial26" parent="cluster2" instance=ExtResource( 5 )]
transform = Transform( 0.753212, -0.284962, 0.592847, -0.598641, 0.0765215, 0.797354, -0.272582, -0.955479, -0.112953, -232.144, 0.273842, -11.7678 )

[node name="Spatial94" parent="cluster2" instance=ExtResource( 5 )]
transform = Transform( 0.310263, 0.156858, 0.937621, -0.7836, 0.600623, 0.158817, -0.538245, -0.783995, 0.309265, -240.257, 1.80104, 1.72886 )

[node name="Spatial51" parent="cluster2" instance=ExtResource( 5 )]
transform = Transform( 0.753212, -0.284962, 0.592847, -0.598641, 0.0765215, 0.797354, -0.272582, -0.955479, -0.112953, -249.276, 0.273842, -11.7678 )

[node name="Spatial93" parent="cluster2" instance=ExtResource( 5 )]
transform = Transform( 0.310263, 0.156858, 0.937621, -0.7836, 0.600623, 0.158817, -0.538245, -0.783995, 0.309265, -253.018, 13.2314, 1.70584 )

[node name="Spatial72" parent="cluster2" instance=ExtResource( 5 )]
transform = Transform( 0.332953, -0.942486, -0.0293593, -0.695708, -0.266552, 0.667038, -0.6365, -0.201667, -0.744445, -202.682, 2.48121, -14.7612 )

[node name="Spatial95" parent="cluster2" instance=ExtResource( 5 )]
transform = Transform( 0.065384, -0.786353, 0.614308, -0.427839, 0.534076, 0.729189, -0.901487, -0.310502, -0.301512, -216.026, -15.308, 0.31464 )

[node name="Spatial3" parent="cluster2" instance=ExtResource( 5 )]
transform = Transform( 1, 0, 0, 0, 0.910096, -0.414398, 0, 0.414398, 0.910096, -223.519, -9.84938, -18.2038 )

[node name="Spatial98" parent="cluster2" instance=ExtResource( 5 )]
transform = Transform( 0.744861, 0.381246, -0.54757, -0.667218, 0.427262, -0.610137, 0.00134358, 0.819816, 0.572625, -237.451, -8.01585, -8.95102 )

[node name="Spatial35" parent="cluster2" instance=ExtResource( 5 )]
transform = Transform( 1, 0, 0, 0, 0.910096, -0.414398, 0, 0.414398, 0.910096, -240.65, -9.84938, -18.2038 )

[node name="Spatial96" parent="cluster2" instance=ExtResource( 5 )]
transform = Transform( 0.744861, 0.381246, -0.54757, -0.667218, 0.427262, -0.610137, 0.00134358, 0.819816, 0.572625, -250.212, 3.41447, -8.97404 )

[node name="Spatial57" parent="cluster2" instance=ExtResource( 5 )]
transform = Transform( 0.501952, 0.0685997, 0.862171, -0.052607, 0.997425, -0.0487338, -0.863294, -0.0208942, 0.504268, -200.601, -9.74114, -22.7978 )

[node name="Spatial100" parent="cluster2" instance=ExtResource( 5 )]
transform = Transform( 0.63752, 0.630614, 0.4426, -0.0421476, 0.602168, -0.797256, -0.76928, 0.489612, 0.410473, -218.755, -21.5001, -12.82 )

[node name="Spatial14" parent="cluster2" instance=ExtResource( 5 )]
transform = Transform( 1, 0, 0, 0, -0.841522, 0.540223, 0, -0.540223, -0.841522, -234.175, 7.42872, -22.3569 )

[node name="Spatial109" parent="cluster2" instance=ExtResource( 5 )]
transform = Transform( 0.744861, -0.299068, 0.59644, -0.667218, -0.335668, 0.664941, 0.00134358, -0.893244, -0.44957, -234.06, 11.7525, -3.7492 )

[node name="Spatial39" parent="cluster2" instance=ExtResource( 5 )]
transform = Transform( 1, 0, 0, 0, -0.841522, 0.540223, 0, -0.540223, -0.841522, -251.307, 7.42872, -22.3569 )

[node name="Spatial104" parent="cluster2" instance=ExtResource( 5 )]
transform = Transform( 0.744861, -0.299068, 0.59644, -0.667218, -0.335668, 0.664941, 0.00134358, -0.893244, -0.44957, -246.82, 23.1828, -3.77221 )

[node name="Spatial60" parent="cluster2" instance=ExtResource( 5 )]
transform = Transform( 0.501952, -0.191125, -0.843514, -0.052607, -0.980219, 0.190795, -0.863294, -0.0513953, -0.502077, -214.421, 5.32027, -19.407 )

[node name="Spatial120" parent="cluster2" instance=ExtResource( 5 )]
transform = Transform( 0.63752, -0.6874, -0.347923, -0.0421476, -0.482034, 0.875138, -0.76928, -0.543254, -0.336278, -221.56, -3.89662, -2.25598 )

[node name="Spatial24" parent="cluster2" instance=ExtResource( 5 )]
transform = Transform( 0.753212, -0.284962, 0.592847, -0.598641, 0.0765215, 0.797354, -0.272582, -0.955479, -0.112953, -227.974, 3.51548, -15.0415 )

[node name="Spatial122" parent="cluster2" instance=ExtResource( 5 )]
transform = Transform( 0.310263, 0.156858, 0.937621, -0.7836, 0.600623, 0.158817, -0.538245, -0.783995, 0.309265, -234.176, 2.33672, 0.56567 )

[node name="Spatial43" parent="cluster2" instance=ExtResource( 5 )]
transform = Transform( 0.753212, -0.284962, 0.592847, -0.598641, 0.0765215, 0.797354, -0.272582, -0.955479, -0.112953, -245.105, 3.51548, -15.0415 )

[node name="Spatial103" parent="cluster2" instance=ExtResource( 5 )]
transform = Transform( 0.310263, 0.156858, 0.937621, -0.7836, 0.600623, 0.158817, -0.538245, -0.783995, 0.309265, -246.937, 13.7671, 0.542652 )

[node name="Spatial80" parent="cluster2" instance=ExtResource( 5 )]
transform = Transform( 0.332953, -0.942486, -0.0293593, -0.695708, -0.266552, 0.667038, -0.6365, -0.201667, -0.744445, -204.206, 4.06197, -20.5746 )

[node name="Spatial105" parent="cluster2" instance=ExtResource( 5 )]
transform = Transform( 0.065384, -0.786353, 0.614308, -0.427839, 0.534076, 0.729189, -0.901487, -0.310502, -0.301512, -214.276, -11.0779, -3.88771 )

[node name="Spatial4" parent="cluster2" instance=ExtResource( 5 )]
transform = Transform( 1, 0, 0, 0, 0.910096, -0.414398, 0, 0.414398, 0.910096, -242.37, 8.97738, -31.5211 )

[node name="Spatial108" parent="cluster2" instance=ExtResource( 5 )]
transform = Transform( 0.744861, 0.381246, -0.54757, -0.667218, 0.427262, -0.610137, 0.00134358, 0.819816, 0.572625, -236.156, 21.6801, -10.8615 )

[node name="Spatial36" parent="cluster2" instance=ExtResource( 5 )]
transform = Transform( 1, 0, 0, 0, 0.910096, -0.414398, 0, 0.414398, 0.910096, -259.501, 8.97738, -31.5211 )

[node name="Spatial115" parent="cluster2" instance=ExtResource( 5 )]
transform = Transform( 0.744861, 0.381246, -0.54757, -0.667218, 0.427262, -0.610137, 0.00134358, 0.819816, 0.572625, -248.917, 33.1104, -10.8845 )

[node name="Spatial56" parent="cluster2" instance=ExtResource( 5 )]
transform = Transform( 0.501952, 0.0685997, 0.862171, -0.052607, 0.997425, -0.0487338, -0.863294, -0.0208942, 0.504268, -226.442, 3.80703, -16.812 )

[node name="Spatial110" parent="cluster2" instance=ExtResource( 5 )]
transform = Transform( 0.63752, 0.630614, 0.4426, -0.0421476, 0.602168, -0.797256, -0.76928, 0.489612, 0.410473, -232.266, 2.17168, -0.80814 )

[node name="Spatial13" parent="cluster2" instance=ExtResource( 5 )]
transform = Transform( 1, 0, 0, 0, -0.841522, 0.540223, 0, -0.540223, -0.841522, -253.027, -13.1082, -11.8672 )

[node name="Spatial106" parent="cluster2" instance=ExtResource( 5 )]
transform = Transform( 0.744861, -0.299068, 0.59644, -0.667218, -0.335668, 0.664941, 0.00134358, -0.893244, -0.44957, -263.458, 7.18481, -5.19376 )

[node name="Spatial31" parent="cluster2" instance=ExtResource( 5 )]
transform = Transform( 1, 0, 0, 0, -0.841522, 0.540223, 0, -0.540223, -0.841522, -270.158, -13.1082, -11.8672 )

[node name="Spatial121" parent="cluster2" instance=ExtResource( 5 )]
transform = Transform( 0.744861, -0.299068, 0.59644, -0.667218, -0.335668, 0.664941, 0.00134358, -0.893244, -0.44957, -276.218, 18.6151, -5.21678 )

[node name="Spatial62" parent="cluster2" instance=ExtResource( 5 )]
transform = Transform( 0.501952, -0.191125, -0.843514, -0.052607, -0.980219, 0.190795, -0.863294, -0.0513953, -0.502077, -209.299, -8.87472, 6.27274 )

[node name="Spatial107" parent="cluster2" instance=ExtResource( 5 )]
transform = Transform( 0.63752, -0.6874, -0.347923, -0.0421476, -0.482034, 0.875138, -0.76928, -0.543254, -0.336278, -234.631, -26.1355, 12.6352 )

[node name="Spatial20" parent="cluster2" instance=ExtResource( 5 )]
transform = Transform( 0.753212, -0.284962, 0.592847, -0.598641, 0.0765215, 0.797354, -0.272582, -0.955479, -0.112953, -257.294, -0.195119, -18.751 )

[node name="Spatial112" parent="cluster2" instance=ExtResource( 5 )]
transform = Transform( 0.310263, 0.156858, 0.937621, -0.7836, 0.600623, 0.158817, -0.538245, -0.783995, 0.309265, -256.882, 20.9214, -4.55519 )

[node name="Spatial48" parent="cluster2" instance=ExtResource( 5 )]
transform = Transform( 0.753212, -0.284962, 0.592847, -0.598641, 0.0765215, 0.797354, -0.272582, -0.955479, -0.112953, -274.425, -0.195119, -18.751 )

[node name="Spatial111" parent="cluster2" instance=ExtResource( 5 )]
transform = Transform( 0.310263, 0.156858, 0.937621, -0.7836, 0.600623, 0.158817, -0.538245, -0.783995, 0.309265, -269.643, 32.3518, -4.57821 )

[node name="Spatial73" parent="cluster2" instance=ExtResource( 5 )]
transform = Transform( 0.332953, -0.942486, -0.0293593, -0.695708, -0.266552, 0.667038, -0.6365, -0.201667, -0.744445, -220.845, 0.792418, 3.91258 )

[node name="Spatial113" parent="cluster2" instance=ExtResource( 5 )]
transform = Transform( 0.065384, -0.786353, 0.614308, -0.427839, 0.534076, 0.729189, -0.901487, -0.310502, -0.301512, -236.88, -11.3357, 15.5067 )

[node name="Spatial5" parent="cluster2" instance=ExtResource( 5 )]
transform = Transform( 1, 0, 0, 0, 0.910096, -0.414398, 0, 0.414398, 0.910096, -230.021, -3.68543, -32.7751 )

[node name="Spatial114" parent="cluster2" instance=ExtResource( 5 )]
transform = Transform( 0.744861, 0.381246, -0.54757, -0.667218, 0.427262, -0.610137, 0.00134358, 0.819816, 0.572625, -233.798, 5.78954, -18.3674 )

[node name="Spatial30" parent="cluster2" instance=ExtResource( 5 )]
transform = Transform( 1, 0, 0, 0, 0.910096, -0.414398, 0, 0.414398, 0.910096, -247.153, -3.68543, -32.7751 )

[node name="Spatial116" parent="cluster2" instance=ExtResource( 5 )]
transform = Transform( 0.744861, 0.381246, -0.54757, -0.667218, 0.427262, -0.610137, 0.00134358, 0.819816, 0.572625, -246.559, 17.2199, -18.3905 )

[node name="Spatial65" parent="cluster2" instance=ExtResource( 5 )]
transform = Transform( 0.501952, 0.0685997, 0.862171, -0.052607, 0.997425, -0.0487338, -0.863294, -0.0208942, 0.504268, -217.53, -9.0557, -25.1502 )

[node name="Spatial117" parent="cluster2" instance=ExtResource( 5 )]
transform = Transform( 0.63752, 0.630614, 0.4426, -0.0421476, 0.602168, -0.797256, -0.76928, 0.489612, 0.410473, -230.171, -8.87502, -14.5191 )

[node name="Spatial12" parent="cluster2" instance=ExtResource( 5 )]
transform = Transform( 1, 0, 0, 0, -0.841522, 0.540223, 0, -0.540223, -0.841522, -240.678, -0.754617, -8.81624 )

[node name="Spatial118" parent="cluster2" instance=ExtResource( 5 )]
transform = Transform( 0.744861, -0.299068, 0.59644, -0.667218, -0.335668, 0.664941, 0.00134358, -0.893244, -0.44957, -248.209, 5.71872, 3.73503 )

[node name="Spatial40" parent="cluster2" instance=ExtResource( 5 )]
transform = Transform( 1, 0, 0, 0, -0.841522, 0.540223, 0, -0.540223, -0.841522, -257.81, -0.754617, -8.81624 )

[node name="Spatial119" parent="cluster2" instance=ExtResource( 5 )]
transform = Transform( 0.744861, -0.299068, 0.59644, -0.667218, -0.335668, 0.664941, 0.00134358, -0.893244, -0.44957, -260.969, 17.1491, 3.71201 )

[node name="Spatial77" parent="cluster2" instance=ExtResource( 5 )]
transform = Transform( 0.501952, -0.191125, -0.843514, -0.052607, -0.980219, 0.190795, -0.863294, -0.0513953, -0.502077, -204.263, 3.06486, -5.83043 )

[node name="Spatial130" parent="cluster2" instance=ExtResource( 5 )]
transform = Transform( 0.63752, -0.6874, -0.347923, -0.0421476, -0.482034, 0.875138, -0.76928, -0.543254, -0.336278, -219.908, -17.2568, 8.29777 )

[node name="Spatial25" parent="cluster2" instance=ExtResource( 5 )]
transform = Transform( 0.753212, -0.284962, 0.592847, -0.598641, 0.0765215, 0.797354, -0.272582, -0.955479, -0.112953, -242.126, -5.23504, -11.073 )

[node name="Spatial140" parent="cluster2" instance=ExtResource( 5 )]
transform = Transform( 0.310263, 0.156858, 0.937621, -0.7836, 0.600623, 0.158817, -0.538245, -0.783995, 0.309265, -251.09, 4.66324, -0.489456 )

[node name="Spatial53" parent="cluster2" instance=ExtResource( 5 )]
transform = Transform( 0.753212, -0.284962, 0.592847, -0.598641, 0.0765215, 0.797354, -0.272582, -0.955479, -0.112953, -259.257, -5.23504, -11.073 )

[node name="Spatial134" parent="cluster2" instance=ExtResource( 5 )]
transform = Transform( 0.310263, 0.156858, 0.937621, -0.7836, 0.600623, 0.158817, -0.538245, -0.783995, 0.309265, -263.851, 16.0936, -0.512474 )

[node name="Spatial67" parent="cluster2" instance=ExtResource( 5 )]
transform = Transform( 0.332953, -0.942486, -0.0293593, -0.695708, -0.266552, 0.667038, -0.6365, -0.201667, -0.744445, -205.503, -1.84929, -4.57534 )

[node name="Spatial138" parent="cluster2" instance=ExtResource( 5 )]
transform = Transform( 0.065384, -0.786353, 0.614308, -0.427839, 0.534076, 0.729189, -0.901487, -0.310502, -0.301512, -224.08, -20.0571, 6.87618 )

[node name="Spatial6" parent="cluster2" instance=ExtResource( 5 )]
transform = Transform( 1, 0, 0, 0, 0.910096, -0.414398, 0, 0.414398, 0.910096, -241.834, -9.33983, -10.2091 )

[node name="Spatial139" parent="cluster2" instance=ExtResource( 5 )]
transform = Transform( 0.744861, 0.381246, -0.54757, -0.667218, 0.427262, -0.610137, 0.00134358, 0.819816, 0.572625, -253.522, 1.50743, -1.83389 )

[node name="Spatial41" parent="cluster2" instance=ExtResource( 5 )]
transform = Transform( 1, 0, 0, 0, 0.910096, -0.414398, 0, 0.414398, 0.910096, -258.965, -9.33983, -10.2091 )

[node name="Spatial128" parent="cluster2" instance=ExtResource( 5 )]
transform = Transform( 0.744861, 0.381246, -0.54757, -0.667218, 0.427262, -0.610137, 0.00134358, 0.819816, 0.572625, -266.283, 12.9378, -1.85691 )

[node name="Spatial78" parent="cluster2" instance=ExtResource( 5 )]
transform = Transform( 0.501952, 0.0685997, 0.862171, -0.052607, 0.997425, -0.0487338, -0.863294, -0.0208942, 0.504268, -203.444, -5.35492, -3.50282 )

[node name="Spatial132" parent="cluster2" instance=ExtResource( 5 )]
transform = Transform( 0.63752, 0.630614, 0.4426, -0.0421476, 0.602168, -0.797256, -0.76928, 0.489612, 0.410473, -224.923, -24.0864, 6.01852 )

[node name="Spatial16" parent="cluster2" instance=ExtResource( 5 )]
transform = Transform( 1, 0, 0, 0, -0.841522, 0.540223, 0, -0.540223, -0.841522, -252.49, 8.06709, -30.3424 )

[node name="Spatial137" parent="cluster2" instance=ExtResource( 5 )]
transform = Transform( 0.744861, -0.299068, 0.59644, -0.667218, -0.335668, 0.664941, 0.00134358, -0.893244, -0.44957, -244.618, 27.4026, -10.3235 )

[node name="Spatial29" parent="cluster2" instance=ExtResource( 5 )]
transform = Transform( 1, 0, 0, 0, -0.841522, 0.540223, 0, -0.540223, -0.841522, -269.622, 8.06709, -30.3424 )

[node name="Spatial133" parent="cluster2" instance=ExtResource( 5 )]
transform = Transform( 0.744861, -0.299068, 0.59644, -0.667218, -0.335668, 0.664941, 0.00134358, -0.893244, -0.44957, -257.378, 38.8329, -10.3465 )

[node name="Spatial64" parent="cluster2" instance=ExtResource( 5 )]
transform = Transform( 0.501952, -0.191125, -0.843514, -0.052607, -0.980219, 0.190795, -0.863294, -0.0513953, -0.502077, -230.295, 3.92968, -7.33687 )

[node name="Spatial129" parent="cluster2" instance=ExtResource( 5 )]
transform = Transform( 0.63752, -0.6874, -0.347923, -0.0421476, -0.482034, 0.875138, -0.76928, -0.543254, -0.336278, -238.29, 1.23749, 7.40597 )

[node name="Spatial19" parent="cluster2" instance=ExtResource( 5 )]
transform = Transform( 0.753212, -0.284962, 0.592847, -0.598641, 0.0765215, 0.797354, -0.272582, -0.955479, -0.112953, -238.657, 20.4018, -14.4557 )

[node name="Spatial142" parent="cluster2" instance=ExtResource( 5 )]
transform = Transform( 0.310263, 0.156858, 0.937621, -0.7836, 0.600623, 0.158817, -0.538245, -0.783995, 0.309265, -232.642, 20.0788, 9.64762 )

[node name="Spatial44" parent="cluster2" instance=ExtResource( 5 )]
transform = Transform( 0.753212, -0.284962, 0.592847, -0.598641, 0.0765215, 0.797354, -0.272582, -0.955479, -0.112953, -255.788, 20.4018, -14.4557 )

[node name="Spatial141" parent="cluster2" instance=ExtResource( 5 )]
transform = Transform( 0.310263, 0.156858, 0.937621, -0.7836, 0.600623, 0.158817, -0.538245, -0.783995, 0.309265, -245.403, 31.5092, 9.62461 )

[node name="Spatial81" parent="cluster2" instance=ExtResource( 5 )]
transform = Transform( 0.332953, -0.942486, -0.0293593, -0.695708, -0.266552, 0.667038, -0.6365, -0.201667, -0.744445, -214.071, 20.5097, -14.9381 )

[node name="Spatial135" parent="cluster2" instance=ExtResource( 5 )]
